31
15000 0 0 90 2500
3500 2 383 90 2500
3500 2 383 90 2500
3500 1.7 383 90 2500
3500 1.5 383 90 2500
3500 1.2 383 90 2500
3500 1.2 383 90 2500
3500 3 383 90 2500
3500 0.5 383 90 2500
3500 3 383 90 2500
3500 1 383 90 2500
3500 2.2 383 90 2500
3500 3.2 383 90 2500
3500 1.5 383 90 2500
3500 0.7 383 90 2500
3500 1.5 383 90 2500
3500 2.2 383 90 2500
3500 2.5 383 90 2500
3500 1.2 383 90 2500
3500 3 383 90 2500
3500 0.2 383 90 2500
3500 1.5 383 90 2500
3500 2.5 383 90 2500
3500 0.7 383 90 2500
3500 4 383 90 2500
3500 3.2 383 90 2500
3500 3.5 383 90 2500
3500 1.5 383 90 2500
3500 2.7 383 90 2500
3500 0.7 383 90 2500
3500 0.5 383 90 2500
